02020202022020220202022020202020202000202222020222222222202222222222222020202020202222202020200202022002220222222020000220202020202
02020202022020220202022020202020202000202222020222222222202222222222222020202020202222202020200202022002220222222020000220202020202
02020202022020220202022020202020202000202222020222222222202222222222222020202020202222202020200202022002220222222020000220202020202
02020202022020220202022020202020202000202222020222222222202222222222222020202020202222202020200202022002220222222020000220202020202
02020202022020220202022020202020202000202222020222222222202222222222222020202020202222202020200202022002220222222020000220202020202
02020202022020220202022020202020202000202222020222222222202222222222222020202020202222202020200202022002220222222020000220202020202
02020202022020220202022020202020202000202222020222222222202222222222222020202020202222202020200202022002220222222020000220202020202
02020202022020220202022020202020202000202222020222222222202222222222222020202020202222202020200202022002220222222020000220202020202
02020202022020220202022020202020202000202222020222222222202222222222222020202020202222202020200202022002220222222020000220202020202
02020202022020220202022020202020202000202222020222222222202222222222222020202020202222202020200202022002220222222020000220202020202
02020202022020220202022020202020202000202222020222222222202222222222222020202020202222202020200202022002220222222020000220202020202
02020202022020220202022020202020202000202222020222222222202222222222222020202020202222202020200202022002220222222020000220202020202
02020202022020220202022020202020202000202222020222222222202222222222222020202020202222202020200202022002220222222020000220202020202
02020202022020220202022020202020202000202222020222222222202222222222222020202020202222202020200202022002220222222020000220202020202
02020202022020220202022020202020202000202222020222222222202222222222222020202020202222202020200202022002220222222020000220202020202
02020202022020220202022020202020202000202222020222222222202222222222222020202020202222202020200202022002220222222020000220202020202
02020202022020220202022020202020202000202222020222222222202222222222222020202020202222202020200202022002220222222020000220202020202
02020202022020220202022020202020202000202222011111111111111111111111111111111111111111111111111111111111111111111111111111111111111
11111111111111111111111111111111111111111111111111111111111111111111111111111111111111111111111111111111111111111111111111111111111
02020202022020220202022020202020202000202222020222222222202222222222222020202020202222202020200202022002220222222020000220202020202
02020202022020220202022020202020202000202222020222222222202222222222222020202020202222202020200202022002220222222020000220202020202
02020202022020220202022020202020202000202222020222222222202222222222222020202020202222202020200202022002220222222020000220202020202
02020202022020220202022020202020202000202222020222222222202222222222222020202020202222202020200202022002220222222020000220202020202
02020202022020220202022020202020202000202222020222222222202222222222222020202020202222202020200202022002220222222020000220202020202
02020202022020220202022020202020202000202222020222222222202222222222222020202020202222202020200202022002220222222020000220202020202
02020202022020220202022020202020202000202222020222222222202222222222222020202020202222202020200202022002220222222020000220202020202
02020202022020220202022020202020202000202222020222222222202222222222222020202020202222202020200202022002220222222020000220202020202
02020202022020220202022020202020202000202222020222222222202222222222222020202020202222202020200202022002220222222020000220202020202
02020202022020220202022020202020202000202222020222222222202222222222222020202020202222202020200202022002220222222020000220202020202
02020202022020220202022020202020202000202222020222222222202222222222222020202020202222202020200202022002220222222020000220202020202
02020202022020220202022020202020202000202222020222222222202222222222222020202020202222202020200202022002220222222020000220202020202
02020202022020220202022020202020202000202222020222222222202222222222222020202020202222202020200202022002220222222020000220202020202
02020202022020220202022020202020202000202222020222222222202222222222222020202020202222202020200202022002220222222020000220202020202
02020202022020220202022020202020202000202222020222222222202222222222222020202020202222202020200202022002220222222020000220202020202
02020202022020220202022020202020202000202222020222222222202222222222222020202020202222202020200202022002220222222020000220202020202
02020202022020220202022020202020202000202222020222222222202222222222222020202020202222202020200202022002220222222020000220202020202
02020202022020220202022020202020202000202222020222222222202222222222222020202020202222202020200202022002220222222020000220202020202
02020202022020220202022020202020202000202222020222222222202222222222222020202020202222202020200202022002220222222020000220202020202
02020202022020220202022020202020202000202222020222222222202222222222222020202020202222202020200202022002220222222020000220202020202
02020202022020220202022020202020202000202222020222222222202222222222222020202020202222202020200202022002220222222020000220202020202
02020202022020220202022020202020202000202222020222222222202222222222222020202020202222202020200202022002220222222020000220202020202
02020202022020220202022020202020202000202222020222222222202222222222222020202020202222202020200202022002220222222020000220202020202
02020202022020220202022020202020202000202222020222222222202222222222222020202020202222202020200202022002220222222020000220202020202
02020202022020220202022020202020202000202222020222222222202222222222222020202020202222202020200202022002220222222020000220202020202
02020202022020220202022020202020202000202222020222222222202222222222222020202020202222202020200202022002220222222020000220202020202
02020202022020220202022020202020202000202222020222222222202222222222222020202020202222202020200202022002220222222020000220202020202
02020202022020220202022020202020202000202222020222222222202222222222222020202020202222202020200202022002220222222020000220202020202
02020202022020220202022020202020202000202222020222222222202222222222222020202020202222202020200202022002220222222020000220202020202
02020202022020220202022020202020202000202222020222222222202222222222222020202020202222202020200202022002220222222020000220202020202
02020202022020220202022020202020202000202222020222222222202222222222222020202020202222202020200202022002220222222020000220202020202
02020202022020220202022020202020202000202222020222222222202222222222222020202020202222202020200202022002220222222020000220202020202
02020202022020220202022020202020202000202222020222222222202222222222222020202020202222202020200202022002220222222020000220202020202
02020202022020220202022020202020202000202222020222222222202222222222222020202020202222202020200202022002220222222020000220202020202
02020202022020220202022020202020202000202222020222222222202222222222222020202020202222202020200202022002220222222020000220202020202
02020202022020220202022020202020202000202222020222222222202222222222222020202020202222202020200202022002220222222020000220202020202
02020202022020220202022020202020202000202222020222222222202222222222222020202020202222202020200202022002220222222020000220202020202
02020202022020220202022020202020202000202222020222222222202222222222222020202020202222202020200202022002220222222020000220202020202
02020202022020220202022020202020202000202222020222222222202222222222222020202020202222202020200202022002220222222020000220202020202
02020202022020220202022020202020202000202222020222222222202222222222222020202020202222202020200202022002220222222020000220202020202
02020202022020220202022020202020202000202222020222222222202222222222222020202020202222202020200202022002220222222020000220202020202
02020202022020220202022020202020202000202222020222222222202222222222222020202020202222202020200202022002220222222020000220202020202
02020202022020220202022020202020202000202222020222222222202222222222222020202020202222202020200202022002220222222020000220202020202
02020202022020220202022020202020202000202222020222222222202222222222222020202020202222202020200202022002220222222020000220202020202
02020202022020220202022020202020202000202222020222222222202222222222222020202020202222202020200202022002220222222020000220202020202
02020202022020220202022020202020202000202222020222222222202222222222222020202020202222202020200202022002220222222020000220202020202
02020202022020220202022020202020202000202222020222222222202222222222222020202020202222202020200202022002220222222020000220202020202
02020202022020220202022020202020202000202222020222222222202222222222222020202020202222202020200202022002220222222020000220202020202
02020202022020220202022020202020202000202222020222222222202222222222222020202020202222202020200202022002220222222020000220202020202
02020202022020220202022020202020202000202222020222222222202222222222222020202020202222202020200202022002220222222020000220202020202
02020202022020220202022020202020202000202222020222222222202222222222222020202020202222202020200202022002220222222020000220202020202
02020202022020220202022020202020202000202222020222222222202222222222222020202020202222202020200202022002220222222020000220202020202
02020202022020220202022020202020202000202222020222222222202222222222222020202020202222202020200202022002220222222020000220202020202
02020202022020220202022020202020202000202222020222222222202222222222222020202020202222202020200202022002220222222020000220202020202
02020202022020220202022020202020202000202222020222222222202222222222222020202020202222202020200202022002220222222020000220202020202
02020202022020220202022020202020202000202222020222222222202222222222222020202020202222202020200202022002220222222020000220202020202
02020202022020220202022020202020202000202222020222222222202222222222222020202020202222202020200202022002220222222020000220202020202
02020202022020220202022020202020202000202222020222222222202222222222222020202020202222202020200202022002220222222020000220202020202
02020202022020220202022020202020202000202222020222222222202222222222222020202020202222202020200202022002220222222020000220202020202
02020202022020220202022020202020202000202222020222222222202222222222222020202020202222202020200202022002220222222020000220202020202
02020202022020220202022020202020202000202222020222222222202222222222222020202020202222202020200202022002220222222020000220202020202
02020202022020220202022020202020202000202222020222222222202222222222222020202020202222202020200202022002220222222020000220202020202
02020202022020220202022020202020202000202222020222222222202222222222222020202020202222202020200202022002220222222020000220202020202
02020202022020220202022020202020202000202222020222222222202222222222222020202020202222202020200202022002220222222020000220202020202
02020202022020220202022020202020202000202222020222222222202222222222222020202020202222202020200202022002220222222020000220202020202
02020202022020220202022020202020202000202222020222222222202222222222222020202020202222202020200202022002220222222020000220202020202
02020202022020220202022020202020202000202222020222222222202222222222222020202020202222202020200202022002220222222020000220202020202
02020202022020220202022020202020202000202222020222222222202222222222222020202020202222202020200202022002220222222020000220202020202
02020202022020220202022020202020202000202222020222222222202222222222222020202020202222202020200202022002220222222020000220202020202
02020202022020220202022020202020202000202222020222222222202222222222222020202020202222202020200202022002220222222020000220202020202
02020202022020220202022020202020202000202222020222222222202222222222222020202020202222202020200202022002220222222020000220202020202
02020202022020220202022020202020202000202222020222222222202222222222222020202020202222202020200202022002220222222020000220202020202
02020202022020220202022020202020202000202222020222222222202222222222222020202020202222202020200202022002220222222020000220202020202
02020202022020220202022020202020202000202222020222222222202222222222222020202020202222202020200202022002220222222020000220202020202
02020202022020220202022020202020202000202222020222222222202222222222222020202020202222202020200202022002220222222020000220202020202
02020202022020220202022020202020202000202222020222222222202222222222222020202020202222202020200202022002220222222020000220202020202
02020202022020220202022020202020202000202222020222222222202222222222222020202020202222202020200202022002220222222020000220202020202
02020202022020220202022020202020202000202222020222222222202222222222222020202020202222202020200202022002220222222020000220202020202
02020202022020220202022020202020202000202222020222222222202222222222222020202020202222202020200202022002220222222020000220202020202